3.460
3.430
3.540
3.240
3.500
3.470
3.490
3.270
3.410
3.460
3.440
3.250
3.520
3.380
3.100
3.350
3.150
3.380
3.400
3.290
3.220
3.350
3.410
3.500
3.240
3.460
3.400
3.440
3.290
3.330
3.320
3.600
3.220
3.690
3.350
3.270
3.220
3.240
3.850
3.270
3.270
3.330
3.440
3.100
3.470
3.290
3.490
3.300
3.360
3.380
3.210
3.460
3.360
3.290
3.550
3.330
3.320
3.300
3.470
3.690
3.740
3.300
3.400
3.290
3.410
3.350
3.270
3.440
3.550
3.430
3.720
3.500
3.250
3.240
3.720
3.570
3.330
3.400
3.270
3.550
3.520
3.320
3.350
3.430
3.220
3.360
3.240
3.470
3.720
3.240
3.100
3.520
3.710
3.430
3.360
3.350
3.160
3.190
3.350
3.680
3.440
3.160
3.540
3.440
3.410
3.250
3.160
3.410
3.240
3.380
3.490
3.190
3.190
3.400
3.490
3.500
3.380
3.270
3.350
3.470
3.160
3.350
3.440
3.410
3.360
3.350
3.490
3.500
3.520
3.240
3.350
3.270
3.110
3.690
3.800
3.330
3.380
3.410
3.290
3.330
3.610
3.250
3.410
3.330
3.360
3.360
3.440
3.490
3.360
3.680
3.570
3.220
3.540
3.460
3.400
3.330
3.380
3.460
3.410
3.410
3.270
3.350
3.440
3.270
3.300
3.500
3.330
3.330
3.350
3.220
3.470
3.360
3.440
3.180
3.290
3.430
3.020
3.350
3.610
3.000
3.630
3.380
3.210
3.320
3.360
3.570
3.150
3.160
3.350
3.350
3.740
3.360
3.330
3.360
3.440
3.180
3.430
3.220
3.320
3.320
3.180
3.490
3.490
3.350
3.430
3.400
3.320
3.460
3.460
3.380
3.410
3.490
3.540
3.180
3.250
3.350
3.320
3.360
3.320
3.290
3.320
3.440
3.190
3.380
3.070
3.350
3.270
3.380
3.380
3.460
3.490
3.210
3.430
3.380
3.440
3.300
3.430
3.430
3.220
3.410
3.360
3.360
3.380
3.520
3.220
3.500
3.470
3.330
3.520
3.320
3.690
3.570
3.380
3.440
3.490
3.430
3.440
3.440
3.320
3.410
3.380
3.470
3.320
3.320
3.500
3.400
3.330
3.460
3.410
3.290
3.330
3.380
3.470
3.490
3.350
3.430
3.400
3.300
3.540
3.410
3.400
3.410
3.360
3.380
3.440
3.350
3.400
3.360
3.360
3.380
3.400
3.350
3.430
3.360
3.440
3.490
3.490
3.430
3.400
3.350
3.220
3.320
3.520
3.410
3.380
3.440
3.350
3.360
3.320
3.330
3.410
3.460
3.440
3.350
3.410
3.380
3.410
3.650
3.320
3.540
3.460
3.330
3.410
3.540
3.240
3.180
3.330
3.290
3.540
3.410
3.470
3.380
3.520
3.430
3.360
3.320
3.350
3.380
3.540
3.050
3.290
3.430
3.610
3.430
3.270
3.400
3.500
3.290
3.300
3.460
3.250
3.290
3.350
3.320
3.380
3.410
3.520
3.330
3.500
3.360
3.400
3.320
3.410
3.400
3.430
3.270
3.270
3.300
3.380
3.500
3.410
3.360
3.220
3.380
3.350
3.300
3.410
3.330
3.470
3.520
3.300
3.360
3.360
3.380
3.430
3.380
3.430
3.380
3.350
3.320
3.400
3.300
3.400
3.330
3.300
3.410
3.460
3.300
3.330
3.330
3.180
3.490
3.490
3.350
3.430
3.400
3.320
3.460
3.460
3.380
3.410
3.490
3.540
3.180
3.250
3.350
3.320
3.360
3.320
3.290
3.320
3.440
3.190
3.380
3.070
3.350
3.270
3.380
3.380
3.460
3.490
3.210
3.430
3.380
3.440
3.300
3.430
3.430
3.220
3.410
3.360
3.360
3.380
3.520
3.220
3.500
3.470
3.330
3.520
3.320
3.690
3.570
3.380
3.440
3.490
3.430
3.440
3.440
3.320
3.410
3.380
3.470
3.320
3.320
3.500
3.400
3.330
3.460
3.410
3.290
3.330
3.380
3.470
3.490
3.350
3.430
3.400
3.300
3.540
3.410
3.400
3.410
3.360
3.380
3.440
3.350
3.400
3.360
3.360
3.380
3.400
3.350
3.430
3.360
3.440
3.490
3.490
3.430
3.400
3.350
3.220
3.320
3.520
3.410
3.380
3.440
3.350
3.360
3.320
3.330
3.410
3.460
3.440
3.350
3.410
3.380
3.410
3.650
3.320
3.540
3.460
3.330
3.410
3.540
3.240
3.180
3.330
3.290
3.540
3.410
3.470
3.380
3.520
3.430
3.360
3.320
3.350
3.380
3.540
3.050
3.290
3.430
3.610
3.430
3.270
3.400
3.500
3.290
3.300
3.460
3.250
3.290
3.350
3.320
3.380
3.410
3.520
3.330
3.500
3.360
3.400
3.320
3.410
3.400
3.430
3.270
3.270
3.300
3.380
3.500
3.410
3.360
3.220
3.380
3.350
3.300
3.410
3.330
3.470
3.520
3.300
3.360
3.360
3.380
3.430
3.380
3.430
3.380
3.350
3.320
3.400
3.300
3.400
3.330
3.300
3.410
3.460
3.300
3.330
3.330
3.190
3.350
3.330
3.350
3.180
3.410
3.300
3.360
3.490
3.380
3.210
3.460
3.190
3.410
3.410
3.400
3.410
3.350
3.410
3.520
3.400
3.360
3.440
3.540
3.430
3.460
3.400
3.410
3.330
3.320
3.440
3.410
3.300
2.970
3.250
3.300
3.290
3.160
3.410
3.240
3.250
3.110
3.210
3.400
3.330
3.430
3.440
3.320
3.330
3.330
3.270
3.350
3.300
3.360
3.220
3.050
3.220
3.220
3.100
3.190
3.330
3.300
3.330
3.600
3.440
3.460
3.330
3.220
3.210
3.300
3.320
3.240
3.440
3.360
3.050
3.330
3.330
3.320
3.440
3.400
3.400
3.380
3.380
3.380
3.360
3.350
3.350
3.440
3.270
3.350
3.400
3.410
3.240
3.430
3.490
3.440
3.320
3.330
3.380
3.460
